660 536329 536330 536331 536332 536333 541733 535225 535224 879176 879177 667 879178 541580 879179 879180 538349 536343 879164 879165 879166 879167 879168 49560 879169 879138 879170 879171 856655 879172 879173 879201 879202 157 158 159 160 161 162 163 164 165 166 167 168 169 539732 539733 539734 539735 539736 539737 539738 539739 539740 539741 539742 184 185 186 - 0.0316
90 91 92 93 94 95 96 64 65 877548 877549 877550 877551 877552 8318 738238 698780 698775 738239 738240 738241 94979 738242 7122 738243 738244 738245 1469 576694 61 62 63 94911 822257 699161 701409 51955 51969 699165 94889 51953 701411 8331 8330 8329 217 348 622245 622244 622243 622242 622241 622240 622239 622238 622237 622236 49619 622235 622234 622233 622232 622231 1239 622246 622247 622248 536776 622249 622250 622251 333 334 335 874643 874644 874645 874646 536764 874647 874648 874649 874639 874640 38567 535202 884176 884175 884174 884173 884172 884171 884170 535084 535085 31 32 33 - 0.0564
336 337 536763 536764 874646 874645 874644 874643 335 874642 874641 874635 874636 874637 622253 622252 333 622251 622250 622249 536776 622248 622247 622246 1239 622231 622232 622233 622234 622235 49619 622236 622237 622238 622239 622240 622241 622242 622243 622244 622245 348 217 8329 8330 8331 701411 51953 94889 699165 51969 51955 701409 699161 822257 94911 63 543208 698712 698713 69 70 71 72 73 74 75 76 77 78 79 80 81 82 83 84 85 86 87 88 89 90 91 92 93 94 95 96 64 97 98 99 100 877553 877554 877555 877556 877557 877558 877559 877560 877561 877562 877563 544441 8303 87773 738236 738237 365 366 367 368 369 116 370 371 372 373 374 375 376 736986 736987 736988 736989 736990 736991 736992 736993 736994 736995 736996 736997 856740 856739 680281 856738 856737 856736 856735 856734 856733 856732 856731 856730 856708 856723 856722 856721 856720 856719 856707 856706 856705 856704 423 422 421 420 419 418 - 0.0905
940 817312 817313 817314 817315 817316 817317 817284 817324 817325 817326 817210 817211 817212 817213 817214 817215 817216 817217 817218 903 817219 817220 817221 817222 817223 817224 817225 817226 817227 817228 817229 817230 817231 817232 817233 817335 817336 816973 817337 817338 817339 817340 476769 817341 817342 817343 817344 817234 817345 712980 713013 713014 713015 713016 713017 713018 713019 713020 713021 713022 713023 713024 713025 713026 713027 713028 713029 713030 713031 713032 713033 713034 713035 713036 713037 8238 713038 713039 713040 713041 713042 713043 713044 713045 713046 713047 713048 713049 713050 713051 713052 713053 713054 712929 712930 712936 712931 712937 712938 712939 712940 927229 927230 927231 927232 927233 927234 927235 927236 927237 927238 927239 927240 927241 927242 927243 927244 514875 514876 514877 514878 514879 514880 514881 514882 514883 514884 514885 514886 356 357 358 359 - 0.0473
720 490 700 701 702 703 704 705 691 692 693 694 873453 541858 873452 683 873440 873473 783086 873464 873474 873449 873475 873476 873477 873478 873479 873480 871942 623973 326 871837 871836 871835 871834 871833 871832 535088 871831 540712 871830 871829 871828 871827 871826 871825 2583 871824 871823 871822 871821 37460 871820 871819 220 221 222 223 224 225 226 877505 877506 871806 877507 871848 871809 871849 679 663193 327 663192 663191 219 218 864788 864789 864790 864791 864792 864793 535218 864794 864795 864796 864797 864798 864799 535217 864800 38575 864801 864802 864803 864804 864805 864806 622256 622255 622254 49640 622253 622252 333 622251 622250 622249 536776 622248 622247 622246 1239 622231 622232 622233 622234 622235 49619 622236 622237 622238 622239 622240 622241 622242 622243 622244 622245 348 217 216 215 214 213 212 211 210 209 - 0.0471
424 427 871952 871958 871959 871818 871817 871816 871815 871814 871813 479 871812 871811 871810 864779 894537 894538 894539 894540 894541 801220 225 801221 801222 801223 801224 801225 801226 801227 801228 801229 801230 801231 801232 801233 227 228 229 230 231 232 - 0.0146
297 652 653 654 655 732784 732785 732786 771843 656 536333 541733 535225 535224 879176 879177 667 879178 541580 879179 879180 538349 536343 879164 879165 879166 879167 879168 49560 879169 879138 879170 879171 856655 879172 879173 879174 879175 155 526443 526444 526445 879158 879159 879160 879161 879141 879142 879143 663096 879144 879145 879146 879147 879148 879149 879150 879151 879152 879153 865536 538350 529750 596780 521286 87825 87826 87827 596796 521289 521290 596810 797675 797670 797676 797677 47251 47259 56 57 - 0.0358
600 601 602 603 604 605 606 607 608 609 610 611 612 613 614 615 616 617 618 619 620 621 622 623 624 625 626 6937 6938 6939 6940 6941 6942 6943 538778 538779 874835 874836 874837 874774 874775 874761 668 49533 476 632 536529 536528 466 467 468 469 470 538380 459 460 461 462 463 428 622222 871952 871958 871959 871818 871817 871816 871815 871814 871813 479 871812 871811 871810 864779 894537 894538 894539 894540 894541 801220 225 226 877505 877506 871806 877507 871848 871809 871849 679 663193 327 663192 663191 219 218 353 354 355 926885 926886 926887 926888 926889 926890 926891 926892 926893 926873 926894 717845 926895 926896 926897 926898 926899 926900 713121 713122 713123 713124 713125 713126 713127 713128 713129 713130 713131 713132 72164 713133 713134 713135 713136 13595 713137 713138 713139 713140 713141 713142 927059 927060 927061 927062 927063 927064 927065 927066 927067 927068 927069 927070 927071 927072 927073 927074 927075 927076 927077 927078 713143 95012 927079 927080 927081 927082 927083 927084 927085 927086 927087 927088 927089 927090 927091 872920 927092 927093 927094 927095 927096 927097 913390 927098 927099 925471 713165 913389 52227 927100 927101 927102 927103 569642 927104 927105 927106 712887 712888 712889 712890 712891 605413 712892 712893 712894 712895 712896 712897 712898 712899 712900 712901 712902 712903 517261 517262 517263 517264 517265 517266 517267 517268 517269 712941 712942 712943 712944 712945 712946 712947 712948 712949 712950 712951 712952 712953 712954 712955 712956 712957 514861 712958 712959 712960 712961 712962 712963 712964 712965 712966 712967 712968 712969 712970 712971 712972 712973 712974 712975 712976 712977 712978 712979 712980 712981 712982 712983 712984 712985 712986 712987 712988 712989 712990 712991 712992 712993 712994 712995 712996 712997 758014 758015 758016 758017 758018 758019 758020 758021 758022 758023 758024 514739 758025 514751 758026 758027 758028 758029 758030 731454 731442 731443 731444 731402 731401 731400 731399 760594 760593 760592 760591 760590 760589 760569 760588 760587 760586 760585 760584 760647 760648 760649 364117 364118 362723 362027 362028 371784 364224 371785 373215 373214 360631 364280 364279 358474 372121 372120 372119 372118 372117 360298 372116 372115 372114 372113 362035 372112 372111 461383 461382 461381 461380 461379 461378 461377 461376 461375 461374 461373 461372 870601 870600 870599 854417 870598 870597 870596 870595 870594 870593 870592 870591 870590 870589 870588 870587 870586 870585 870584 870583 870582 870581 870580 854364 870579 870578 870577 870576 870575 870574 870573 870572 854387 870571 843448 870570 870569 870568 870567 870566 870565 870564 870563 870562 870561 870560 870559 870558 870557 870556 870555 870554 870553 870552 870551 870550 870549 870548 870547 870546 870545 870544 870543 870542 870541 870540 94639 94638 94637 376883 376882 376881 376880 376879 376878 376877 376876 376875 376874 376873 369369 42451 42450 42449 42448 42447 42446 42445 42444 42443 42442 42441 42440 42439 42438 42437 42436 42435 42434 42433 42432 42431 42430 42429 42428 42427 42426 42425 42424 42423 42422 42421 42420 42419 42418 42417 42416 42415 42414 42413 775 790 791 792 793 794 795 796 - 0.2942
879 880 881 882 883 884 885 886 887 888 889 890 891 892 893 894 895 896 897 898 899 900 901 902 951 950 949 948 947 946 945 944 943 942 941 940 - 0.0105
911 880 881 882 883 884 885 886 887 888 889 890 891 892 893 894 895 896 897 898 899 900 901 902 952 953 954 - 0.0089
71 72 1469 576694 61 7137 1489 7136 7135 7134 7133 7132 1498 7131 7130 882508 882507 882506 882505 882504 882503 882502 882501 882500 882499 882498 94972 882497 882496 1464 869524 869523 869522 869521 869520 1463 869519 869518 869517 869516 869515 869514 869513 869512 869511 869510 869509 869508 869507 869506 869505 869504 869503 869502 195 194 193 - 0.0264
105 106 107 108 109 110 111 112 113 114 115 116 117 886248 886249 886250 87774 87775 87776 87777 87778 87779 8302 87780 87781 2722 87782 87783 87784 87785 87786 87787 87788 87789 87790 87791 87792 87793 877546 877547 65 877548 877549 877550 877551 877552 8318 738238 698780 698775 738239 738240 738241 94979 738242 7122 738243 738244 738245 1469 576694 61 62 63 - 0.0347
117 886248 886249 886250 87774 87775 87776 87777 87778 87779 8302 87780 87781 2722 87782 87783 87784 87785 87786 87787 87788 87789 87790 87791 87792 87793 738205 738206 738207 738208 738209 738210 68 877580 877581 877582 877583 877584 877585 877586 877587 877588 877589 877590 877591 877592 877593 877594 738220 877520 877521 877522 877523 877524 877525 877526 877527 877528 877529 877530 877531 877532 877533 877534 877535 877536 877537 877538 877539 877540 877541 877542 877543 877544 877545 865789 865790 865791 865792 865793 865794 865795 865796 865797 865798 865799 865800 865801 865802 865803 865804 865805 865806 865807 865808 865809 865810 865811 87794 768348 605339 23827 23828 23829 882478 882479 882480 882481 882482 882483 882484 882485 187 869549 869550 884991 884992 884993 884994 884995 701405 884965 884966 529756 884967 884968 884969 884970 529735 170 171 172 173 174 - 0.0377
704 705 691 692 693 694 502 49416 873441 873442 873443 873444 49401 49402 49403 49404 49405 49406 873472 7005 7004 7003 7002 7001 7000 6999 6998 6997 6996 6995 594 1320 1319 1318 1317 1316 571 1315 1314 1313 1312 553 - 0.0128
344 343 342 341 340 338 535940 535939 535938 535937 535936 1240 535060 535059 535058 535057 535056 535055 535054 877571 877572 877573 536365 877574 877575 877576 536527 877577 877578 877579 879581 879571 879572 879573 771847 879574 541733 536333 656 771843 732786 732785 732784 655 732783 732782 732781 732780 732779 732778 732777 732776 732775 732774 732773 732772 721 732771 732770 424 425 426 622223 622224 622225 651 466 536528 536529 632 633 634 635 636 637 - 0.0372
177 178 179 180 181 182 183 874803 874804 874805 874806 874807 874808 874809 874810 874811 874812 874813 526443 874814 874815 874816 874817 874818 874819 874820 874821 874822 874823 874824 874825 874753 874826 874776 477115 477116 477117 884982 884983 884984 884985 884986 874799 884987 884988 874827 884989 884990 538782 874772 874773 874774 874775 874761 668 49533 476 477 478 538384 538385 595 596 597 598 599 600 601 602 603 604 605 606 - 0.0333
202 203 204 205 206 207 208 209 210 211 212 213 214 215 216 217 348 622245 622244 622243 622242 622241 622240 622239 622238 622237 622236 49619 622235 622234 622233 622232 622231 1239 1238 622230 622229 622228 622227 536329 536330 536331 536332 536333 656 771843 732786 732785 732784 655 732783 732782 732781 732780 732779 732778 732777 732776 732775 732774 732773 732772 721 732771 732770 424 427 428 429 430 431 432 433 434 435 436 437 438 439 440 441 696 697 698 699 - 0.0431
78 7122 738243 738244 738245 1469 576694 61 62 63 698714 698715 698716 698717 698718 698719 94910 698720 698721 698722 698723 698724 698725 698726 698727 698728 698729 698730 698731 698732 864813 864812 864781 864811 864810 864809 864808 535985 864807 622256 864806 864805 864804 864803 864802 864801 38575 864800 535217 864799 864798 864797 864796 864795 864794 535218 864793 864792 864791 864790 864789 864788 218 219 663191 663192 327 663193 679 871838 871839 871840 871841 871842 871851 79160 871852 871853 240 801220 877514 877515 464784 220 871819 871820 37460 871821 871822 871823 871824 2583 871825 871826 871827 871828 871829 871830 540712 871831 535088 871832 871833 871834 871835 871836 871837 326 871941 873432 873433 873434 873435 873436 873437 873438 783085 873439 873440 683 873452 541858 873453 694 502 49416 873441 873442 873443 873444 49401 49402 49403 49404 49405 49406 873472 7005 7004 7003 7002 7001 7000 6999 6998 6997 6996 6995 594 1320 1319 1318 1317 1316 7006 7007 7008 7009 7010 580 581 582 583 584 585 586 587 588 589 554 555 556 557 558 559 560 561 562 563 564 565 566 - 0.0738
66 67 68 877580 877581 877582 877583 877584 877585 877586 877587 877588 877589 877590 877591 877592 877593 877594 738220 877520 877521 877522 877523 877524 877525 877526 877527 877528 877529 877530 877531 877532 877533 877534 877535 877536 877537 877538 877539 877540 877541 877542 877543 877544 877545 865789 877564 877565 877566 877567 877568 877569 877570 23813 23814 23815 23816 23817 23818 23819 87832 87833 87834 87835 87836 87837 87838 596792 596793 644854 644855 644856 521288 596797 87826 644857 797668 596805 797669 529749 662602 477277 662603 477264 879181 879182 879183 879184 879185 879186 879187 879188 879189 879190 663095 879191 879192 879193 879214 879215 879216 879217 879162 879163 879209 879210 879211 879212 879213 874815 874816 874817 874818 874819 874820 874821 874822 874823 874824 874825 874753 874826 874776 477115 477116 477117 884982 884983 884984 884985 884986 874799 884987 884988 874827 884989 884990 538782 874772 874773 874774 874775 874761 668 49533 476 477 478 538384 538385 595 596 597 598 599 600 601 602 603 604 605 606 607 608 609 610 - 0.0628
616 617 618 619 620 621 622 623 624 625 626 6937 6938 6939 6940 6941 6942 6943 538778 538779 874835 874836 874837 874774 874775 874761 668 49533 476 632 536529 536528 466 467 468 469 470 538380 459 460 461 462 463 428 429 430 431 432 433 434 435 436 437 438 439 440 441 442 443 444 445 446 447 783080 498 783081 783082 783083 783084 783085 783086 783087 680 - 0.0323
936 937 938 987 986 985 984 983 982 981 980 979 978 977 976 975 974 973 972 971 970 969 968 967 966 965 964 963 962 961 960 959 958 957 956 955 954 953 952 902 951 950 949 948 947 946 945 944 943 942 941 940 939 817263 817264 817265 817266 817267 1151 817268 817269 817270 817271 817272 817273 817274 817275 817276 817277 817278 817279 817280 817281 817282 817283 8152 8151 8150 8149 8148 8147 8146 8145 8144 8143 360174 461544 461543 461542 461541 461540 362982 461539 461538 461537 461536 461535 461534 461533 461568 854499 854498 854497 854496 854495 854494 854493 854492 854491 854490 854489 854488 854487 854486 854485 854484 854483 854482 854481 854480 854479 854478 854477 854476 854475 854474 854473 854472 854471 854470 854469 854468 854467 854466 854465 854464 854463 854462 854461 854460 854459 854458 854457 854456 854455 854454 854453 854452 854451 854450 854449 854448 854447 854446 854445 854444 854443 854442 854441 854440 854439 854438 854437 854427 854428 854429 854430 854431 854432 854433 854434 854413 854414 854415 870598 870597 870596 870595 870594 870593 870592 870591 870590 870589 870588 870587 870586 870585 870584 870583 870582 870581 870580 854364 870579 870578 870577 870576 870575 870574 870573 870572 854387 870571 843448 870570 870569 870568 870567 870566 870565 870564 870563 870562 870561 870560 870559 870558 870557 870556 870555 870554 870553 870552 870551 870550 870549 870548 870547 870546 870545 870544 870543 870542 870541 870540 94639 94638 94637 376883 376882 376881 376880 376879 376878 376877 376876 376875 376874 376873 369369 42451 42450 42449 42448 42447 42446 42445 42444 42443 42442 42441 42440 42439 42438 42437 42436 42435 42434 42433 42432 42431 42430 42429 42428 42427 42426 42425 42424 42423 42422 42421 42420 42419 42418 42417 42416 42415 42414 42413 775 774 773 772 771 770 769 768 767 766 765 764 763 753 752 - 0.203
209 210 211 212 213 214 215 216 217 348 622245 622244 622243 622242 622241 622240 622239 622238 622237 622236 49619 622235 622234 622233 622232 622231 1239 1238 622230 622229 622228 622227 536329 536330 536331 536332 536333 656 771843 732786 732785 732784 655 732783 732782 732781 732780 732779 732778 732777 732776 732775 732774 732773 732772 721 732771 732770 424 427 428 429 430 431 432 433 434 435 436 437 438 439 440 441 696 697 698 - 0.0362
501 873483 49413 49414 873450 873451 873441 49416 502 694 873453 541858 873452 683 873440 873473 783086 873464 873438 873465 873466 873467 873468 873469 873470 873471 871938 871954 535091 871943 871944 690 871945 540702 695 871946 871947 871948 49423 871949 871950 871951 537813 622222 871952 424 732770 732771 721 732772 732773 732774 732775 297 652 653 - 0.0254
304 303 302 301 813521 801233 227 228 229 230 231 232 233 234 235 236 237 238 239 226 240 801220 877514 877515 464784 220 871819 871820 37460 871821 871822 871823 871824 2583 871825 871826 871827 871828 871829 871830 540712 871831 535088 871832 871833 871834 871835 871836 871837 326 871953 871954 535091 871943 871944 690 444 689 688 - 0.0214
236 237 238 239 226 877505 877506 871806 877507 871848 871809 871849 679 663193 327 663192 663191 219 218 353 354 355 926885 926886 926887 926888 926889 926890 926891 926892 926893 926873 926894 717845 926895 926896 926897 926898 926899 926900 713121 713122 713123 713124 713125 713126 713127 713128 713129 713130 713131 713132 72164 713133 713134 713135 713136 13595 713137 713138 713139 713140 713141 713142 927059 927060 927061 927062 927063 927064 927065 927066 927067 927068 927069 927070 927071 927072 927073 927074 927075 927076 927077 927078 713143 95012 927079 927080 927081 927082 927083 927084 927085 927086 927087 927088 927089 927090 927091 872920 927092 927093 927094 927095 927096 927097 913390 927098 927099 925471 713165 913389 52227 927100 927101 927102 927103 569642 569643 569644 569645 569646 569647 569648 569649 569650 569651 569652 569634 569635 569636 569637 569638 569639 569640 569641 667650 667651 667652 667653 95055 667654 667655 667656 667657 667658 667659 667660 667661 667662 667663 667664 667665 667666 667667 667668 667669 667670 667671 667672 667673 667674 667675 667676 667677 667678 667679 667680 667681 829172 829113 829187 894086 894087 894088 894089 101 102 103 104 105 106 107 108 109 110 111 - 0.0749
648 649 650 651 466 467 468 469 470 538380 459 460 461 462 463 428 622222 871952 871958 871959 871818 871817 871816 871815 871814 871813 479 871812 871811 871810 864779 894537 894538 894539 894540 894541 801220 225 226 877505 877506 871806 877507 871848 871809 871849 679 663193 327 663192 663191 219 218 353 354 355 926885 926886 926887 926888 926889 926890 926891 926892 926893 926873 926894 717845 926895 926896 926897 926898 926899 926900 713121 713122 713123 713124 713125 713126 713127 713128 713129 713130 713131 713132 72164 713133 713134 713135 713136 13595 713137 713138 713139 713140 713141 713142 927059 927060 927061 927062 927063 927064 927065 927066 927067 927068 927069 927070 927071 927072 927073 927074 927075 927076 927077 927078 713143 95012 927079 927080 927081 927082 927083 927084 927085 927086 927087 927088 927089 927090 927091 872920 927092 927093 927094 927095 927096 927097 913390 927098 927099 925471 713165 913389 52227 927100 927101 927102 927103 569642 927104 927105 927106 712887 712888 712889 712890 712891 605413 712892 712893 712894 712895 712896 712897 712898 712899 712900 712901 712902 712903 517261 517262 517263 517264 517265 517266 517267 517268 517269 712941 712942 712943 712944 712945 712946 712947 712948 712949 712950 712951 712952 712953 712954 712955 712956 712957 514861 712958 712959 712960 712961 712962 712963 712964 712965 712966 712967 712968 712969 712970 712971 712972 712973 712974 712975 817240 817241 817242 817243 817244 817245 817246 817247 817248 817249 817250 817251 817357 817358 817359 476768 817360 817361 817362 745868 817363 817364 854 855 856 857 858 859 860 861 862 863 864 865 866 867 - 0.0945
90 91 92 93 94 95 96 64 97 98 99 100 877553 877554 877555 877556 877557 877558 877559 877560 877561 877562 877563 544441 8303 87773 738236 738237 365 366 367 368 - 0.0114
997 998 999 1000 1001 1002 1003 1004 1005 1006 1007 1008 1009 816949 816950 816951 816952 816953 816954 816955 816956 816957 816958 816959 876 816960 816961 816962 816963 816964 816965 816966 816967 816968 816969 816970 816971 816972 816973 817337 817338 817339 817340 476769 817341 817342 817343 817344 817234 817345 712980 713013 713014 713015 713016 713017 713018 713019 713020 713021 713022 713023 713024 713025 713026 713027 713028 713029 713030 713031 713032 713033 713034 713035 713036 713037 8238 713038 713039 713040 713041 713042 713043 713044 713045 713046 713047 713048 713049 713050 713051 713052 713053 713054 712929 712930 712936 712931 712937 712938 712939 712940 927229 927230 927231 927232 927233 927234 927235 927236 927237 927238 927239 927240 927241 927242 927243 927244 514875 514876 514877 514878 514879 514880 514881 514882 514883 514884 514885 514886 356 357 358 359 360 361 362 363 364 622282 622283 622284 622285 622286 622287 622288 622289 622290 622291 622292 622293 622294 622295 622296 622297 622298 622299 622300 622301 622302 622303 622304 622305 622306 622307 622308 622309 622310 622311 622312 622313 622314 622315 622316 622317 622318 864817 864816 864815 864814 698732 864813 864812 864781 864811 864810 864809 864808 535985 864807 622256 864806 864805 864804 864803 864802 864801 38575 864800 535217 864799 864798 864797 864796 864795 864794 535218 864793 864792 864791 864790 864789 864788 218 219 663191 663192 327 663193 679 871838 871839 871840 871841 871842 871851 79160 871852 871853 240 801220 877514 877515 464784 220 871819 871820 37460 871821 871822 871823 871824 2583 871825 871826 871827 871828 871829 871830 540712 871831 535088 871832 871833 871834 871835 871836 871837 326 871941 873432 873433 873434 873435 873436 873437 873438 783085 873439 873440 683 873452 541858 873453 694 502 49416 873441 873442 873443 873444 49401 49400 49399 49415 49414 49413 49412 49411 499 500 501 682 508 873482 880679 880680 880681 880682 880683 880684 880685 880671 880672 880673 519 520 - 0.0969
